QGC WPL 110
0	0	0	16	0.000000	0.000000	0.000000	0.000000	  40.85740	-104.38960	1634.000000	1
1	0	0	183	10.000000	1000.000000	0.000000	0.000000	0.000000	0.000000	0.000000	1
2	0	0	179	0.000000	0.000000	0.000000	0.000000	40.85740	-104.38960	1634.000000	1
3	0	0	83	18288.000000	20.000000	30.000000	0.000000	0.000000	0.000000	0.000000	1
4	0	0	183	10.000000	2000.000000	0.000000	0.000000	0.000000	0.000000	0.000000	1
5	0	0	178	0.000000	28.299999	0.000000	0.000000	0.000000	0.000000	0.000000	1
6	0	0	31010	15.000000	-60.000000	0.000000	0.000000	0.000000	0.000000	0.000000	1
7	0	0	31	0.000000	230.000000	0.000000	0.000000	40.86740	-104.39960  2500.000000	1
8	0	0	31	0.000000	150.000000	0.000000	0.000000	40.86040	-104.39260	1934.000000	1
9	0	0	208	2.000000	0.000000	0.000000	0.000000	0.000000	0.000000	0.000000	1
